01 00 04 00 25 00 19 00 00 10 21 08 00 14 00 06 12 09 00 00 00 00 00 00 05
05 00 19 23 24 00 22 12 00 00 16 06 00 20 00 18 00 25 14 13 10 11 00 01 15
00 00 00 00 00 00 21 05 00 20 11 10 00 01 00 04 08 24 23 15 18 00 16 22 19
00 07 21 08 18 00 00 00 11 00 05 00 00 24 00 00 00 17 22 01 09 06 25 00 00
00 13 15 00 22 14 00 18 00 16 00 00 00 04 00 00 00 19 00 00 00 24 20 21 17
12 00 11 00 06 00 00 00 00 15 00 00 00 00 21 25 19 00 04 00 22 14 00 20 00
08 00 00 21 00 16 00 00 00 02 00 03 00 00 00 00 17 23 18 22 00 00 00 24 06
04 00 14 18 07 09 00 22 21 19 00 00 00 02 00 05 00 00 00 06 16 15 00 11 12
22 00 24 00 23 00 00 11 00 07 00 00 04 00 14 00 02 12 00 08 05 19 00 25 09
20 00 00 00 05 00 00 00 00 17 09 00 12 18 00 01 00 00 07 24 00 00 00 13 04
13 00 00 05 00 02 23 14 04 18 22 00 17 00 00 20 00 01 09 21 12 00 00 08 11
14 23 00 24 00 00 00 00 00 00 00 00 20 25 00 03 04 13 00 11 21 09 05 18 22
07 00 00 11 17 20 24 00 00 00 03 04 01 12 00 00 06 14 00 05 25 13 00 00 00
00 00 16 09 00 17 11 07 10 25 00 00 00 13 06 00 00 18 00 00 19 04 00 00 20
06 15 00 19 04 13 00 00 05 00 18 11 00 00 09 08 22 16 25 10 07 00 00 00 00
00 00 00 02 00 00 10 19 03 00 01 00 22 09 04 11 15 00 20 00 00 08 23 00 25
00 24 08 13 01 00 00 04 20 00 17 14 00 00 18 00 16 22 05 00 11 00 10 00 00
23 10 00 00 00 00 00 00 18 00 06 00 16 00 00 17 01 00 13 00 00 03 19 12 00
25 05 00 14 11 00 17 00 08 24 13 00 19 23 15 09 00 00 12 00 20 00 22 00 07
00 00 17 04 00 22 15 00 23 11 12 25 00 00 00 00 18 08 00 07 00 00 14 00 13
19 06 23 22 08 00 00 01 25 04 14 02 00 03 07 13 10 11 16 00 00 00 00 00 00
00 04 00 17 00 03 00 24 00 08 20 23 11 10 25 22 00 00 00 12 13 02 18 06 00
00 00 07 16 00 00 06 17 02 21 00 18 00 00 00 19 00 00 08 00 00 00 00 04 00
18 09 25 01 02 11 00 00 13 22 04 00 21 00 05 00 23 07 00 00 15 00 03 00 08
00 21 10 00 00 12 00 20 16 00 19 00 00 00 00 15 14 04 02 18 23 25 11 07 00